* vertices: 25 | budget: 0
(1.41,0.8) (1.83,1) (2.67,2) (2.77,3) (2.79,4);
* vertices: 25 | budget: 1
(1.22,0.8) (1.74,1) (2.58,2) (2.71,3) (2.73,4);
* vertices: 25 | budget: 5
(1.08,0.8) (1.61,1) (2.44,2) (2.62,3) (2.65,4);
* vertices: 50 | budget: 0
(1.19,0.8) (1.73,1) (3.17,2) (3.95,3) (4.11,4);
* vertices: 50 | budget: 1
(0.98,0.8) (1.57,1) (3.03,2) (3.85,3) (4.01,4);
* vertices: 50 | budget: 5
(0.86,0.8) (1.43,1) (2.77,2) (3.61,3) (3.84,4);
* vertices: 100 | budget: 0
(0.65,0.8) (1.20,1) (3.03,2) (4.66,3) (5.52,4);
* vertices: 100 | budget: 1
(0.55,0.8) (1.01,1) (2.85,2) (4.51,3) (5.38,4);
* vertices: 100 | budget: 5
(0.43,0.8) (0.89,1) (2.54,2) (4.13,3) (5.10,4);
